1098
1100
1097
1102
1099
1105
1101
1106
1104
1107
1108
1110
1109
1111
1112
1113
1114
1115
1117
1116
1119
1120
1118
1123
1121
1125
1122
1126
1124
1127
1129
1128
1130
1131
1133
1134
1132
1135
1136
1137
1138
1139
1140
1141
1142
1146
1147
1145
1144
1148
1152
1158
1163
1165
1166
1167
1164
1169
1171
1170
1168
1172
1174
1175
1173
1176
1180
1183
1181
1182
1229
1231
1232
1234
1230
1233
1236
1240
1243
1242
1247
1241
1246
1244
1249
1245
1251
1248
1253
1250
1256
1252
1255
1254
1267
1272
1270
1271
1273
1274
1275
1276
1280
1279
1283
1281
1278
1284
1287
1285
1282
1288
1301
1302
1300
1299
1308
1310
1307
1309
1312
1311
1314
1313
1316
1317
1319
1315
1318
1320
1321
1323
1326
1327
1324
1322
1332
1328
1330
1329
1336
1333
1338
1335
1334
1339
1341
1337
1340
1343
1331
1342
1344
1348
1349
1346
1345
1347
1350
1352
1354
1351
1353
1357
1355
1358
1356
1359
1360
1363
1365
1362
1364
1368
1367
1366
1369
1372
1370
1371
1373
1374
1375
1377
1376
1378
1379
1381
1382
1384
1383
1386
1385
1387
1389
1388
1390
1391
1392
1393
1394
1395
1398
1396
1397
1399
1401
1400
1402
1405
1403
1404
1409
1410
1418
1419
1421
1420
1417
1424
1423
1426
1422
1428
1427
1431
1430
1425
1437
1436
1439
1429
1438
1441
1442
1440
1445
1447
1446
1448
1450
1451
1454
1455
1456
1458
1459
1457
1460
1461
1462
1463
1464
1466
1465
1467
1468
1469
1470
1471
1473
1474
1476
1472
1475
1479
1478
1480
1481
1482
1510
1512
1511
1513
1514
1516
1515
1518
1517
1519
1522
1521
1525
1523
1520
1526
1524
1528
1527
1529
1532
1531
1530
1535
1534
1533
1536
1537
1538
1539
1540
1541
1542
1543
1545
1544
1548
1547
1549
1550
1552
1551
1553
1555
1554
1556
1557
1563
1571
1573
1574
1572
1575
1577
1581
1576
1579
1578
1582
1580
1583
1584
1586
1585
1590
1592
1589
1591
1587
1593
1596
1594
1595
1598
1600
1599
1603
1601
1602
1605
1604
1606
1608
1609
1610
1613
1611
1614
1612
1615
1616
1620
1617
1619
1618
1621
1622
1623
1625
1624
1627
1628
1626
1629
1630
1633
1632
1631
1634
1636
1635
1639
1638
1637
1644
1640
1641
1643
1647
1642
1649
1645
1646
1648
1650
1651
1652
1654
1653
1656
1655
1659
1658
1657
1661
1660
1662
1663
1664
1667
1668
1665
1666
1669
1670
1671
1672
1675
1673
1674
1676
1677
1678
1679
1681
1680
1684
1682
1683
1685
1687
1686
1688
1689
1690
1691
1692
1694
1693
1696
1695
1698
1699
1697
1700
1701
1703
1704
1702
1705
1707
1708
1709
1706
1710
1712
1713
1711
1714
1715
1716
1717
1718
1719
1720
1722
1721
1723
1724
1726
1725
1727
1728
1729
1730
1731
1734
1735
1732
1733
1737
1736
1738
1739
1741
1740
1743
1744
1742
1746
1750
1748
1747
1745
1751
1749
1752
1754
1755
1757
1753
1756
1759
1760
1761
1762
1763
1765
1764
1767
1766
1768
1771
1770
1769
1772
1773
1776
1777
1774
1775
1778
1780
1779
1781
1782
1783
1784
1785
1803
1814
1827
1829
1836
1828
1837
1840
1839
1842
1838
1841
1846
1847
1844
1849
1848
1851
1852
1850
1859
1863
1865
1869
1866
1871
1868
1873
1870
1872
1874
1881
1882
1883
1884
1885
1886
1887
1890
1889
1888
1893
1896
1892
1894
1895
1897
1902
1901
1905
1900
1906
1907
1909
1904
1908
1915
1916
1914
1919
1918
1921
1928
1929
1938
1939
1940
1942
1945
1944
1947
1943
1948
1950
1949
1954
1946
1956
1957
1958
1960
1963
1959
1961
1962
1964
1971
1973
1976
1978
1981
1983
1980
1979
1984
1986
1982
1977
1991
1989
1987
1985
1990
1992
1994
1988
1993
1995
1998
2009
2010
2012
2013
2011
2015
2014
2016
2018
2021
2017
2019
2024
2020
2025
2027
2022
2026
2028
2023
2044
2036
2045
2046
2047
2051
2053
2050
2055
2054
2052
2058
2057
2060
2062
2059
2056
2064
2065
2066
2067
2061
2070
2069
2063
2071
2068
2072
2073
2074
2076
2075
2078
2079
2077
2080
2082
2081
2084
2083
2085
2086
2087
2088
2090
2089
2093
2091
2092
2094
2095
2096
2097
2098
2099
2100
2101
2102
2103
2105
2106
2104
2107
2114
2113
2117
2130
2165
2175
2176
2177
2178
2181
2179
2182
2183
2187
2185
2184
2180
2191
2189
2193
2188
2195
2196
2197
2192
2194
2199
2198
2203
2206
2200
2205
2204
2210
2207
2201
2211
2216
2213
2214
2215
2220
2218
2223
2225
2217
2224
2230
2231
2233
2236
2232
2235
2234
2237
2240
2239
2238
2249
2248
2247
2250
2254
2253
2251
2256
2255
2252
2258
2259
2262
2260
2261
2263
2267
2264
2265
2266
2269
2268
2270
2273
2271
2275
2277
2272
2276
2279
2274
2278
2280
2287
2288
2289
2290
2291
2292
2293
2295
2294
2296
2297
2300
2307
2308
2310
2313
2315
2314
2311
2316
2312
2320
2318
2317
2321
2322
2319
2325
2341
2343
2340
2346
2345
2344
2351
2349
2348
2352
2347
2350
2355
2354
2353
2356
2357
2358
2359
2360
2362
2361
2363
2365
2366
2364
2367
2368
2369
2370
2371
2373
2372
2374
2376
2377
2375
2381
2378
2379
2384
2382
2383
2386
2380
2385
2387
2388
2389
2390
2393
2392
2391
2394
2395
2396
2397
2398
2399
2401
2400
2403
2402
2404
2405
2406
2407
2408
2409
2410
2413
2411
2414
2412
2415
2417
2416
2418
2421
2420
2419
2422
2430
2442
2443
2444
2448
2447
2446
2449
2445
2450
2451
2454
2453
2452
2455
2472
2471
2474
2477
2473
2479
2478
2480
2482
2483
2484
2481
2490
2485
2488
2489
2494
2493
2492
2496
2495
2491
2497
2498
2499
2500
2501
2502
2503
2504
2506
2507
2505
2508
2509
2510
2511
2513
2512
2515
2514
2516
2517
2519
2518
2520
2522
2521
2525
2526
2527
2524
2528
2530
2531
2532
2529
2533
2536
2537
2551
2552
2554
2557
2559
2556
2558
2572
2573
2577
2578
2579
2581
2574
2571
2582
2575
2583
2580
2587
2591
2590
2592
2585
2586
2593
2599
2601
2604
2603
2602
2605
2606
2607
2608
2610
2609
2611
2612
2614
2616
2615
2617
2619
2620
2621
2625
2627
2626
2628
2629
2630
2631
2633
2632
2634
2636
2635
2637
2638
2640
2639
2641
2643
2642
2644
2645
2646
2647
2649
2650
2672
2674
2673
2675
2677
2678
2681
2679
2682
2683
2676
2684
2686
2687
2680
2689
2685
2688
2691
2690
2692
2693
2694
2695
2696
2697
2698
2700
2699
2701
2703
2702
2704
2708
2710
2709
2712
2714
2711
2713
2715
2716
2717
2718
2719
2720
2722
2721
2723
2724
2725
2735
2736
2737
2739
2740
2738
2771
2769
2770
2774
2772
2773
2777
2778
2776
2775
2779
2781
2782
2784
2786
2788
2789
2790
2792
2791
2795
2794
2793
2797
2796
2798
2799
2801
2800
2802
2803
2808
2813
2812
2821
2814
2820
2826
2828
2834
2829
2832
2830
2833
2835
2836
2837
2839
2838
2841
2842
2845
2846
2848
2847
2849
2850
2852
2851
2854
2853
2856
2857
2855
2859
2858
2860
2862
2861
2864
2863
2866
2865
2868
2867
2869
2871
2870
2872
2873
2874
2880
2881
2882
2884
2883
2885
2886
2887
2889
2888
2890
2893
2891
2892
2894
2896
2895
2898
2897
2899
2900
2901
2903
2902
2905
2904
2906
2907
2908
2909
2910
2912
2911
2913
2915
2914
2916
2917
2919
2918
2920
2922
2921
2923
2924
2925
2926
2927
2928
2929
2930
2931
2932
2933
2935
2934
2936
2938
2937
2939
2940
2941
2942
2944
2945
2946
2943
2949
2947
2950
2948
2951
2955
2954
2952
2953
2966
2970
2975
2968
2976
2972
2967
2969
2974
2973
2971
2978
2977
2979
2980
2981
2982
2985
2984
2983
2986
2987
2990
2989
2988
2991
2992
2993
2994
2995
2997
2996
2998
2999
3000
3001
3002
3004
3003
3005
3006
3008
3007
3010
3009
3011
3012
3013
3014
3016
3017
3015
3019
3018
3021
3022
3020
3023
3026
3025
3027
3028
3024
3029
3030
3031
3032
3033
3034
3036
3037
3038
3035
3039
3043
3044
3046
3042
3048
3041
3045
3047
3049
3051
3053
3054
3052
3050
3055
3056
3059
3058
3057
3060
3062
3061
3063
3068
3067
3066
3070
3069
3072
3071
3074
3073
3075
3077
3078
3079
3076
3080
3081
3082
3084
3087
3089
3086
3088
3090
3092
3093
3096
3094
3095
3100
3103
3101
3102
3104
3113
3115
3114
3117
3119
3116
3118
3120
3126
3121
3128
3127
3132
3133
3137
3134
3136
3138
3145
3146
3135
3147
3164
3163
3166
3169
3167
3165
3177
3176
3180
3178
3179
3182
3184
3181
3183
3185
3187
3186
3188
3189
3194
3200
3201
3202
3219
3222
3220
3221
3230
3236
3239
3245
3248
3249
3250
3253
3247
3254
3251
3255
3252
3258
3257
3256
3259
3260
3261
3262
3263
3264
3265
3267
3266
3268
3269
3272
3270
3273
3271
3274
3275
3276
3277
3280
3278
3279
3282
3283
3281
3284
3285
3290
3291
3297
3296
3292
3298
3303
3299
3300
3302
3304
3301
3306
3308
3310
3307
3311
3312
3313
3314
3315
3317
3318
3319
3321
3322
3320
3323
3324
3325
3326
3327
3333
3335
3334
3336
3338
3339
3340
3341
3343
3342
3345
3344
3347
3348
3346
3349
3350
3351
3352
3355
3356
3357
3360
3354
3359
3358
3361
3362
3363
3364
3365
3366
3368
3367
3370
3369
3372
3371
3373
3375
3374
3376
3377
3378
3379
3380
3382
3381
3383
3384
3386
3385
3387
3389
3388
3390
3392
3393
3391
3394
3395
3397
3396
3398
3401
3399
3400
3403
3404
3402
3406
3405
3407
3409
3408
3410
3411
3412
3414
3416
3415
3417
3418
3420
3419
3421
3424
3423
3422
3425
3426
3428
3427
3429
3431
3430
3432
3433
3435
3447
3446
3445
3451
3450
3452
3456
3449
3457
3453
3448
3454
3459
3455
3467
3458
3468
3469
3471
3473
3470
3472
3476
3475
3477
3478
3474
3479
3480
3483
3484
3485
3486
3487
3488
3490
3491
3493
3492
3495
3494
3496
3497
3500
3498
3501
3499
3502
3511
3509
3510
3515
3521
3522
3518
3523
3525
3524
3526
3535
3536
3538
3537
3539
3541
3543
3540
3547
3544
3546
3545
3550
3549
3552
3548
3553
3557
3556
3584
3586
3583
3589
3580
3581
3585
3579
3587
3582
3590
3588
3608
3623
3632
3633
3634
3635
3638
3642
3645
3644
3647
3648
3649
3646
3653
3652
3651
3654
3650
3655
3656
3657
3658
3659
3662
3660
3663
3661
3664
3665
3666
3667
3686
3688
3687
3690
3691
3689
3692
3695
3696
3693
3697
3699
3700
3694
3698
3703
3705
3702
3706
3704
3701
3708
3707
3722
3723
3721
3724
3726
3725
3727
3728
3734
3739
3740
3741
3742
3752
3753
3754
3769
3768
3771
3770
3772
3773
3776
3774
3775
3778
3777
3780
3779
3781
3785
3783
3784
3782
3790
3787
3788
3789
3793
3792
3791
3794
3795
3796
3797
3798
3799
3801
3800
3802
3803
3804
3805
3806
3807
3808
3809
3815
3819
3818
3821
3824
3826
3825
3827
3828
3831
3832
3834
3829
3833
3830
3836
3835
3840
3837
3838
3841
3843
3839
3844
3847
3846
3842
3849
3848
3845
3850
3852
3851
3853
3854
3856
3855
3858
3857
3859
3860
3862
3861
3863
3864
3865
3868
3869
3867
3871
3870
3866
3872
3881
3885
3887
3886
3889
3888
3890
3892
3893
3895
3897
3891
3898
3899
3902
3896
3901
3900
3906
3905
3908
3909
3907
3910
3911
3916
3915
3918
3917
3919
3920
3921
3922
3924
3927
3928
3929
3939
3941
3940
3943
3942
3951
3950
3958
3952
3953
3954
3960
3957
3959
3955
3963
3961
3962
3964
3965
3966
3967
3968
3969
3970
3972
3971
3973
3974
3975
3976
3977
3978
3979
3980
3981
3982
3983
3984
3985
3986
3987
3989
3988
4009
4022
4039
4038
4040
4043
4041
4046
4044
4045
4042
4051
4049
4050
4047
4048
4052
4054
4053
4057
4059
4058
4061
4064
4062
4060
4065
4063
4068
4070
4069
4071
4074
4073
4076
4072
4077
4075
4078
4080
4079
4083
4081
4082
4085
4093
4094
4098
4097
4095
4100
4101
4105
4099
4106
4096
4103
4107
4102
4104
4108
4109
4110
4111
4112
4113
4114
4115
4116
4117
4118
4119
4120
4121
4122
4123
4124
4127
4130
4131
4132
4133
4135
4136
4137
4138
4139
4144
4142
4143
4147
4145
4141
4149
4148
4146
4150
4159
4156
4158
4160
4163
4165
4164
4167
4166
4168
4169
4172
4171
4173
4170
4174
4177
4176
4178
4175
4183
4179
4184
4182
4187
4185
4186
4188
4190
4189
4192
4193
4191
4194
4201
4203
4202
4204
4205
4200
4207
4206
4209
4208
4210
4211
4212
4214
4213
4215
4216
4218
4217
4219
4220
4223
4225
4222
4226
4228
4227
4229
4230
4231
4234
4251
4250
4252
4257
4258
4253
4259
4261
4262
4265
4264
4266
4267
4263
4270
4274
4271
4272
4268
4276
4273
4269
4277
4275
4278
4280
4279
4281
4282
4283
4284
4285
4286
4287
4288
4290
4291
4293
4292
4294
4298
4297
4296
4295
4301
4304
4306
4303
4305
4319
4323
4327
4330
4328
4334
4331
4332
4333
4329
4335
4343
4342
4341
4351
4350
4356
4352
4358
4362
4363
4375
4376
4374
4378
4379
4382
4377
4384
4380
4381
4387
4383
4390
4386
4391
4394
4392
4395
4385
4388
4393
4397
4396
4398
4400
4404
4408
4409
4410
4411
4412
4413
4421
4422
4428
4427
4425
4431
4429
4430
4432
4426
4433
4434
4435
4438
4437
4440
4436
4439
4441
4442
4449
4450
4451
4452
4453
4454
4459
4461
4462
4460
4463
4490
4493
4496
4494
4492
4499
4500
4497
4495
4503
4498
4501
4502
4504
4507
4510
4508
4511
4509
4512
4506
4525
4526
4527
4529
4528
4530
4531
4532
4533
4546
4576
4577
4579
4581
4580
4582
4578
4605
4610
4607
4611
4609
4608
4615
4614
4616
4612
4618
4619
4617
4613
4620
4624
4631
4632
4635
4634
4633
4637
4639
4636
4638
4640
4641
4642
4644
4645
4643
4646
4647
4648
4649
4655
4657
4658
4656
4660
4661
4663
4659
4662
4664
4665
4666
4667
4668
4669
4670
4673
4671
4672
4675
4676
4674
4677
4694
4695
4698
4697
4699
4700
4701
4703
4704
4702
4696
4706
4712
4711
4707
4713
4714
4705
4716
4717
4715
4723
4718
4725
4724
4727
4726
4728
4729
4742
4741
4743
4744
4745
4748
4747
4746
4749
4757
4756
4758
4760
4759
4764
4761
4776
4777
4780
4778
4781
4779
4783
4782
4788
4787
4790
4789
4792
4791
4794
4797
4793
4795
4796
4798
4799
4800
4840
4839
4841
4844
4843
4847
4842
4845
4846
4848
4849
4874
4889
4928
4929
4930
4932
4931
4933
5054
5055
5060
5062
5063
5064
5066
5067
5061
5065
