1097
1098
1099
1100
1101
1102
1104
1105
1106
1107
1108
1109
1110
1111
1112
1113
1114
1115
1116
1117
1118
1119
1120
1121
1122
1123
1124
1125
1126
1127
1128
1129
1130
1131
1132
1133
1134
1135
1136
1137
1138
1139
1140
1141
1142
1144
1145
1146
1147
1148
1152
1158
1159
1163
1164
1165
1166
1167
1168
1169
1170
1171
1172
1173
1174
1175
1176
1180
1181
1182
1183
1229
1230
1231
1232
1233
1234
1236
1240
1241
1242
1243
1244
1245
1246
1247
1248
1249
1250
1251
1252
1253
1254
1255
1256
1267
1270
1271
1272
1273
1274
1275
1276
1278
1279
1280
1281
1282
1283
1284
1285
1287
1288
1299
1300
1301
1302
1307
1308
1309
1310
1311
1312
1313
1314
1315
1316
1317
1318
1319
1320
1321
1322
1323
1324
1326
1327
1328
1329
1330
1331
1332
1333
1334
1335
1336
1337
1338
1339
1340
1341
1342
1343
1344
1345
1346
1347
1348
1349
1350
1351
1352
1353
1354
1355
1356
1357
1358
1359
1360
1362
1363
1364
1365
1366
1367
1368
1369
1370
1371
1372
1373
1374
1375
1376
1377
1378
1379
1380
1381
1382
1383
1384
1385
1386
1387
1388
1389
1390
1391
1392
1393
1394
1395
1396
1397
1398
1399
1400
1401
1402
1403
1404
1405
1409
1410
1417
1418
1419
1420
1421
1422
1423
1424
1425
1426
1427
1428
1429
1430
1431
1436
1437
1438
1439
1440
1441
1442
1445
1446
1447
1448
1450
1451
1454
1455
1456
1457
1458
1459
1460
1461
1462
1463
1464
1465
1466
1467
1468
1469
1470
1471
1472
1473
1474
1475
1476
1477
1478
1479
1480
1481
1482
1510
1511
1512
1513
1514
1515
1516
1517
1518
1519
1520
1521
1522
1523
1524
1525
1526
1527
1528
1529
1530
1531
1532
1533
1534
1535
1536
1537
1538
1539
1540
1541
1542
1543
1544
1545
1546
1547
1548
1549
1550
1551
1552
1553
1554
1555
1556
1557
1563
1571
1572
1573
1574
1575
1576
1577
1578
1579
1580
1581
1582
1583
1584
1585
1586
1587
1589
1590
1591
1592
1593
1594
1595
1596
1598
1599
1600
1601
1602
1603
1604
1605
1606
1608
1609
1610
1611
1612
1613
1614
1615
1616
1617
1618
1619
1620
1621
1622
1623
1624
1625
1626
1627
1628
1629
1630
1631
1632
1633
1634
1635
1636
1637
1638
1639
1640
1641
1642
1643
1644
1645
1646
1647
1648
1649
1650
1651
1652
1653
1654
1655
1656
1657
1658
1659
1660
1661
1662
1663
1664
1665
1666
1667
1668
1669
1670
1671
1672
1673
1674
1675
1676
1677
1678
1679
1680
1681
1682
1683
1684
1685
1686
1687
1688
1689
1690
1691
1692
1693
1694
1695
1696
1697
1698
1699
1700
1701
1702
1703
1704
1705
1706
1707
1708
1709
1710
1711
1712
1713
1714
1715
1716
1717
1718
1719
1720
1721
1722
1723
1724
1725
1726
1727
1728
1729
1730
1731
1732
1733
1734
1735
1736
1737
1738
1739
1740
1741
1742
1743
1744
1745
1746
1747
1748
1749
1750
1751
1752
1753
1754
1755
1756
1757
1759
1760
1761
1762
1763
1764
1765
1766
1767
1768
1769
1770
1771
1772
1773
1774
1775
1776
1777
1778
1779
1780
1781
1782
1783
1784
1785
1803
1814
1827
1828
1829
1836
1837
1838
1839
1840
1841
1842
1844
1846
1847
1848
1849
1850
1851
1852
1859
1863
1865
1866
1868
1869
1870
1871
1872
1873
1874
1881
1882
1883
1884
1885
1886
1887
1888
1889
1890
1892
1893
1894
1895
1896
1897
1900
1901
1902
1903
1904
1905
1906
1907
1908
1909
1914
1915
1916
1918
1919
1921
1928
1929
1938
1939
1940
1942
1943
1944
1945
1946
1947
1948
1949
1950
1954
1955
1956
1957
1958
1959
1960
1961
1962
1963
1964
1971
1973
1976
1977
1978
1979
1980
1981
1982
1983
1984
1985
1986
1987
1988
1989
1990
1991
1992
1993
1994
1995
2009
2010
2011
2012
2013
2014
2015
2016
2017
2018
2019
2020
2021
2022
2023
2024
2025
2026
2027
2028
2036
2044
2045
2046
2047
2050
2051
2052
2053
2054
2055
2056
2057
2058
2059
2060
2061
2062
2063
2064
2065
2066
2067
2068
2069
2070
2071
2072
2073
2074
2075
2076
2077
2078
2079
2080
2081
2082
2083
2084
2085
2086
2087
2088
2089
2090
2091
2092
2093
2094
2095
2096
2097
2098
2099
2100
2101
2102
2103
2104
2105
2106
2107
2113
2114
2130
2165
2175
2176
2177
2178
2179
2180
2181
2182
2183
2184
2185
2187
2188
2189
2191
2192
2193
2194
2195
2196
2197
2198
2199
2200
2201
2203
2204
2205
2206
2207
2210
2211
2212
2213
2214
2215
2216
2217
2218
2220
2223
2224
2225
2230
2231
2232
2233
2234
2235
2236
2237
2238
2239
2240
2247
2248
2249
2250
2251
2252
2253
2254
2255
2256
2258
2259
2260
2261
2262
2263
2264
2265
2266
2267
2268
2269
2270
2271
2272
2273
2274
2275
2276
2277
2278
2279
2280
2287
2288
2289
2290
2291
2292
2293
2294
2295
2296
2297
2307
2308
2310
2311
2312
2313
2314
2315
2316
2317
2318
2319
2320
2321
2322
2325
2340
2341
2343
2344
2345
2346
2347
2348
2349
2350
2351
2352
2353
2354
2355
2356
2357
2358
2359
2360
2361
2362
2363
2364
2365
2366
2367
2368
2369
2370
2371
2372
2373
2374
2375
2376
2377
2378
2379
2380
2381
2382
2383
2384
2385
2386
2387
2388
2389
2390
2391
2392
2393
2394
2395
2396
2397
2398
2399
2400
2401
2402
2403
2404
2405
2406
2407
2408
2409
2410
2411
2412
2413
2414
2415
2416
2417
2418
2419
2420
2421
2422
2430
2442
2443
2444
2445
2446
2447
2448
2449
2450
2451
2452
2453
2454
2455
2471
2472
2473
2474
2475
2476
2477
2478
2479
2480
2481
2482
2483
2484
2485
2486
2487
2488
2489
2490
2491
2492
2493
2494
2495
2496
2497
2498
2499
2500
2501
2502
2503
2504
2505
2506
2507
2508
2509
2510
2511
2512
2513
2514
2515
2516
2517
2518
2519
2520
2521
2522
2524
2525
2526
2527
2528
2529
2530
2531
2532
2533
2534
2536
2537
2551
2552
2554
2556
2557
2558
2559
2571
2572
2573
2574
2575
2577
2578
2579
2580
2581
2582
2583
2585
2586
2587
2590
2591
2592
2593
2599
2601
2602
2603
2604
2605
2606
2607
2608
2609
2610
2611
2612
2614
2615
2616
2617
2619
2620
2621
2625
2626
2627
2628
2629
2630
2631
2632
2633
2634
2635
2636
2637
2638
2639
2640
2641
2642
2643
2644
2645
2646
2647
2649
2650
2672
2673
2674
2675
2676
2677
2678
2679
2680
2681
2682
2683
2684
2685
2686
2687
2688
2689
2690
2691
2692
2693
2694
2695
2696
2697
2698
2699
2700
2701
2702
2703
2704
2708
2709
2710
2711
2712
2713
2714
2715
2716
2717
2718
2719
2720
2721
2722
2723
2724
2725
2735
2736
2737
2738
2739
2740
2769
2770
2771
2772
2773
2774
2775
2776
2777
2778
2779
2781
2782
2784
2786
2788
2789
2790
2791
2792
2793
2794
2795
2796
2797
2798
2799
2800
2801
2802
2803
2808
2812
2813
2814
2820
2821
2826
2828
2829
2830
2832
2833
2834
2835
2836
2837
2838
2839
2841
2842
2845
2846
2847
2848
2849
2850
2851
2852
2853
2854
2855
2856
2857
2858
2859
2860
2861
2862
2863
2864
2865
2866
2867
2868
2869
2870
2871
2872
2873
2874
2880
2881
2882
2883
2884
2885
2886
2887
2888
2889
2890
2891
2892
2893
2894
2895
2896
2897
2898
2899
2900
2901
2902
2903
2904
2905
2906
2907
2908
2909
2910
2911
2912
2913
2914
2915
2916
2917
2918
2919
2920
2921
2922
2923
2924
2925
2926
2927
2928
2929
2930
2931
2932
2933
2934
2935
2936
2937
2938
2939
2940
2941
2942
2943
2944
2945
2946
2947
2948
2949
2950
2951
2952
2953
2954
2955
2966
2967
2968
2969
2970
2971
2972
2973
2974
2975
2976
2977
2978
2979
2980
2981
2982
2983
2984
2985
2986
2987
2988
2989
2990
2991
2992
2993
2994
2995
2996
2997
2998
2999
3000
3001
3002
3003
3004
3005
3006
3007
3008
3009
3010
3011
3012
3013
3014
3015
3016
3017
3018
3019
3020
3021
3022
3023
3024
3025
3026
3027
3028
3029
3030
3031
3032
3033
3034
3035
3036
3037
3038
3039
3040
3041
3042
3043
3044
3045
3046
3047
3048
3049
3050
3051
3052
3053
3054
3055
3056
3057
3058
3059
3060
3061
3062
3063
3066
3067
3068
3069
3070
3071
3072
3073
3074
3075
3076
3077
3078
3079
3080
3081
3082
3084
3086
3087
3088
3089
3090
3092
3093
3094
3095
3096
3100
3101
3102
3103
3104
3113
3114
3115
3116
3117
3118
3119
3120
3121
3126
3127
3128
3132
3133
3134
3135
3136
3137
3138
3145
3146
3163
3164
3165
3166
3167
3169
3176
3177
3178
3179
3180
3181
3182
3183
3184
3185
3186
3187
3188
3189
3194
3200
3201
3219
3220
3221
3222
3230
3236
3239
3245
3247
3248
3249
3250
3251
3252
3253
3254
3255
3256
3257
3258
3259
3260
3261
3262
3263
3264
3265
3266
3267
3268
3269
3270
3271
3272
3273
3274
3275
3276
3277
3278
3279
3280
3281
3282
3283
3284
3285
3290
3291
3292
3296
3297
3298
3299
3300
3301
3302
3303
3304
3306
3307
3308
3310
3311
3312
3313
3314
3315
3317
3318
3319
3320
3321
3322
3323
3324
3325
3326
3327
3334
3335
3336
3338
3339
3340
3341
3342
3343
3344
3345
3346
3347
3348
3349
3350
3351
3352
3354
3355
3356
3357
3358
3359
3360
3361
3362
3363
3364
3365
3366
3367
3368
3369
3370
3371
3372
3373
3374
3375
3376
3377
3378
3379
3380
3381
3382
3383
3384
3385
3386
3387
3388
3389
3390
3391
3392
3393
3394
3395
3396
3397
3398
3399
3400
3401
3402
3403
3404
3405
3406
3407
3408
3409
3410
3411
3412
3414
3415
3416
3417
3418
3419
3420
3421
3422
3423
3424
3425
3426
3427
3428
3429
3430
3431
3432
3433
3435
3445
3446
3447
3448
3449
3450
3451
3452
3453
3454
3455
3456
3457
3458
3459
3467
3468
3469
3470
3471
3472
3473
3474
3475
3476
3477
3478
3479
3480
3483
3484
3485
3486
3487
3488
3490
3491
3492
3493
3494
3495
3496
3497
3498
3499
3500
3501
3502
3509
3510
3511
3515
3518
3521
3522
3523
3524
3525
3526
3535
3536
3537
3538
3539
3540
3541
3543
3544
3545
3546
3547
3548
3549
3550
3552
3553
3556
3557
3579
3580
3581
3582
3583
3584
3585
3586
3587
3588
3589
3590
3608
3623
3632
3633
3634
3635
3638
3642
3644
3645
3646
3647
3648
3649
3650
3651
3652
3653
3654
3655
3656
3657
3658
3659
3660
3661
3662
3663
3664
3665
3666
3667
3686
3687
3688
3689
3690
3691
3692
3693
3694
3695
3696
3697
3698
3699
3700
3701
3702
3703
3704
3705
3706
3707
3708
3709
3710
3711
3712
3713
3714
3715
3716
3717
3718
3719
3721
3722
3723
3724
3725
3726
3727
3728
3733
3734
3735
3736
3737
3740
3741
3742
3746
3747
3748
3749
3750
3752
3753
3754
3755
3756
3757
3758
3759
3760
3761
3762
3763
3764
3765
3766
3767
3768
3769
3770
3771
3772
3773
3774
3775
3776
3777
3778
3779
3780
3781
3782
3783
3784
3785
3787
3788
3789
3790
3791
3792
3793
3794
3795
3796
3797
3798
3799
3800
3801
3802
3803
3804
3805
3806
3807
3808
3809
3815
3818
3819
3821
3824
3825
3826
3827
3828
3829
3830
3831
3832
3833
3834
3835
3836
3837
3838
3839
3840
3841
3842
3843
3844
3845
3846
3847
3848
3849
3850
3851
3852
3853
3854
3855
3856
3857
3858
3859
3860
3861
3862
3863
3864
3865
3866
3867
3868
3869
3870
3871
3872
3881
3885
3886
3887
3888
3889
3890
3891
3892
3893
3894
3895
3896
3897
3898
3899
3900
3901
3902
3905
3906
3907
3908
3909
3910
3911
3915
3916
3917
3918
3919
3920
3921
3922
3924
3927
3928
3929
3939
3940
3941
3942
3943
3950
3951
3952
3953
3954
3955
3957
3958
3959
3960
3961
3962
3963
3964
3965
3966
3967
3968
3969
3970
3971
3972
3973
3974
3975
3976
3977
3978
3979
3980
3981
3982
3983
3984
3985
3986
3987
3988
3989
4009
4022
4038
4039
4040
4041
4042
4043
4044
4045
4046
4047
4048
4049
4050
4051
4052
4053
4054
4057
4058
4059
4060
4061
4062
4063
4064
4065
4068
4069
4070
4071
4072
4073
4074
4075
4076
4077
4078
4079
4080
4081
4082
4083
4093
4094
4095
4096
4097
4098
4099
4100
4101
4102
4103
4104
4105
4106
4107
4108
4109
4110
4111
4112
4113
4114
4115
4116
4117
4118
4119
4120
4121
4122
4123
4124
4127
4130
4131
4132
4133
4135
4136
4137
4138
4139
4141
4142
4143
4144
4145
4146
4147
4148
4149
4150
4156
4158
4159
4160
4161
4162
4163
4164
4165
4166
4167
4168
4169
4170
4171
4172
4173
4174
4175
4176
4177
4178
4179
4181
4182
4183
4184
4185
4186
4187
4188
4189
4190
4191
4192
4193
4194
4201
4202
4203
4204
4205
4206
4207
4208
4209
4210
4211
4212
4213
4214
4215
4216
4217
4218
4219
4220
4222
4223
4225
4226
4227
4228
4229
4230
4231
4234
4250
4251
4252
4253
4254
4255
4256
4257
4258
4259
4261
4262
4263
4264
4265
4266
4267
4268
4269
4270
4271
4272
4273
4274
4275
4276
4277
4278
4279
4280
4281
4282
4283
4284
4285
4286
4287
4288
4290
4291
4292
4293
4294
4295
4296
4297
4298
4299
4327
4328
4329
4330
4331
4332
4333
4334
4335
4350
4351
4352
4356
4362
4363
4374
4375
4376
4387
4388
4390
4391
4392
4393
4394
4395
4396
4397
4398
4400

